2000 1 569300
2000 2 1020500
2000 3 1296400
2000 4 1692800
2000 5 2093400
2000 6 2091100
2000 7 2472400
2000 8 2931200
2000 9 3424800
2000 10 4217700
2000 11 3481200
2000 12 4246100
2000 13 4246900
2000 14 4811300
2000 15 5418800
2000 16 5773700
2000 17 6434700
2000 18 6612200
2000 19 7356200
2000 20 6933600
2000 21 6105300
2000 22 6353900
2000 23 6759600
2000 24 7286900
2000 25 7289900
2000 26 7979100
2000 27 8343900
2000 28 7966500
2000 29 8962500
2000 30 9626400
2000 31 9704200
2000 32 9950100
2000 33 11099000
2000 34 11220300
2000 35 11017900
2000 36 12098700
2000 37 12657400
2000 38 13241500
2000 39 13206800
2000 40 14594500
2000 41 10924800
2000 42 11297300
2000 43 11966200
2000 44 12436000
2000 45 12787500
2000 46 14095100
2000 47 13389800
2000 48 14125800
2000 49 15720800
2000 50 15028500
2000 51 14796100
2000 52 15100200
2000 53 15372500
2000 54 17725200
2000 55 16620100
2000 56 16780900
2000 57 17566000
2000 58 17771000
2000 59 18304400
2000 60 19907000
2000 61 19316300
2000 62 19916200
2000 63 20657300
2000 64 21875400
2000 65 21975400
2000 66 21993400
2000 67 23233200
2000 68 23543200
2000 69 23980600
2000 70 23740700
2000 71 24311900
2000 72 22806000
2000 73 25789500
2000 74 24066000
2000 75 24556800
2000 76 25280500
2000 77 26977400
2000 78 26979100
2000 79 27459300
2000 80 28407400
2000 81 23799400
2000 82 25018200
2000 83 26001900
2000 84 25655500
2000 85 26410200
2000 86 26696100
2000 87 27290600
2000 88 27791400
2000 89 28254900
2000 90 28434300
2000 91 28709100
2000 92 28690800
2000 93 28940900
2000 94 29456700
2000 95 30206400
2000 96 30799300
2000 97 31656300
2000 98 32131200
2000 99 32533000
2000 100 33766800
