577300
972400
1420100
1871600
2411000
2901200
3335300
3874500
4430400
4902500
5688100
6842200
6363600
7054800
7693700
8959300
8858700
9330000
9949200
10854900
11711800
11426500
11925100
12776500
13374700
13782600
14594400
15213500
16449600
17645100
18367500
18582300
18843300
20138500
20208500
21018700
22061300
22255000
23216900
23140900
27725100
27074700
28379000
29496000
30560200
30965700
31814600
33520600
46024700
33441200
33964000
34769200
34693100
37759200
38085300
39116400
38980500
39620000
42886800
41920100
43461500
47579300
44377900
47711000
48306700
48580100
48414100
53077200
55379400
56863300
58077800
59880500
58566500
58700900
58345400
58602700
61839600
67377300
68871800
71392600
71737800
73293200
73578400
73702400
76043900
78927500
78552100
81961900
81182700
77972300
75038900
75430900
83840000
82737100
81221000
90456700
87107400
87372700
90152900
87351100
