1418819600
1427411800
1468246400
1477369000
1479132200
1503249400
1554429600
1527338800
1508500700
1552108100
1542997400
1539108400
1578857200
1573362800
1568317800
1597158800
1590538700
1572532300
1607680700
1585144100
1623172400
1586045600
1589355000
1575950700
1604827700
1632024900
1653262700
1644939100
1654772400
1670820100
1646521100
1662521800
1661450800
1698498700
1654274400
1707118500
1622859500
1613795500
1630215600
1616921100
1619748900
1605328600
1622434700
1637013400
1661253200
1639774600
1659131900
1657873000
1604756300
1597181000
1613493700
1618842500
1631077600
1631380900
1616350500
1613990400
1625184200
1630027100
1622197900
1618784000
1622795600
1612469800
1609361000
1605142300
1617149900
1628917900
1622987600
1613382100
1616676200
1601280400
1648377100
1619700000
1614045800
1610319900
1604975900
1601464700
1635018300
1628141000
1617098200
1595922500
1621714700
1632624200
1632202700
1656242200
1662463700
1637878100
1636513200
1668956300
1659416600
1629679600
1626308200
1638563200
1614027400
1638907300
1648184400
1649018100
1630305000
1653823000
1636029500
1606459300
